9 month
89
32
5
95s
48
9s
26
85s
22
60
87
69
38
20
50
66
27s
25
89
49
90
30
4 month
89
0 week
97
96
31
5 month
16
15
89
98
44
2 month
78
69
26
99s
53
30s
9 week
63
75
72s
8
17
55
0 month
5
13s
88
87
59
32
19
87
9 month
21s
94
99
23
21
74
0 month
4
8
7s
11 month
5
4
78s
84
1 month
47
76
84
2 month
1 week
79
4s
97
56
25
87
21
85
60s
63
76s
6 month
5 week
16
48
32
18
47
0 week
71s
63s
56
25
88
76
29
50
8 month
8 month
14
85
17
27
73
41
24s
88
54
4
53
80
56
6 month
41
32
19
97
9 week
63
11 month
59
69s
75
60
41
22
55
70
12
25
16
10 week
23
20s
80
21
63
90
10 week
9
94s
20
70
25
93
7 week
57s
93
12
61
72
65
23s
11
5
8
88
33
53
39
7s
54
79
29
82
72
10 month
89
66
21
97
5s
55
83
31
43s
31
18s
91
21
24
33
70
92
21
77
80
89s
35
35
91s
6 month
27
12s
63
6 month
6
88
11 month
3
38
98
41
20
38
14
28
71
51
29
43
27
31
29
18
68
22
20
55
14
89
16
1 month
70
16
15
92
43
95
53
57
11 month
77
99s
76
83
1s
96s
91s
18
12 month
91
3s
91
98
69
44
31
1
3 month
2
38
86
13
34
9
49
97
14
9 week
36
21
93
10 month
92
44
4
48
54s
53
86
5 month
42
34s
39s
64
50
73
61
49
9s
58
43s
21
80
61s
90
67
83
55s
62
15
80
68
36
89
14
100
23
4
39
73
14
52
63s
43
83s
1
75s
6 week
3
6 week
36
48
8
11
69
5 week
12
64
82
75
6
82
70
87
20
8 week
48
1
51
90s
13
31
55
17
17
17
4 week
48
77
65
97
75
22
68
30
52
3 month
70
76
38s
10
30
3 month
12
67s
38
12
34
63s
45
39
24
5 month
5
1
9
64
31
11
16
68
24s
95
44
46
34s
2
64
96
44
65
6 month
77
25
22
7
6
55
72s
45
65
48
64
58
60
33
22
98
83
77
58
50
11
53
24
26
44
59
90
99
34
1 week
59s
67
11
29
37
71
74
75
72s
26
100
97
15
29
34
70
69
6
39
10 week
11
70
72
28
38
69
32
26
80
84
32
81
56s
39
62
2s
26
100
100s
38
35s
3
70
58
9
69
4
62
81
35
36
19
11
65s
84
96
5s
71s
23
40
36
12
28
26
38
95
89
56
24
89
62
51
19
17
93
56
10s
90
79
89s
1
30
77
58
0s
53
53
76
83
88s
15
91
46
82
0 month
7s
7s
59
34
61
84
83
2 month
61
24
73
4
61
12
68
37
100
47
27s
11
76
5 week
42
51
34
51s
23s
56
19
50
90
0
13
81
9
46s
72
92
64
44
13
73
65
80
2 month
85
3
3
69
37s
53
33
66
28
94s
58
51
2 month
39s
19
59
41
81
42
69s
11 month
46
2 month
58
3
72
10 week
36
31
13
43
56
0
80
38
0
62
40s
78
41
42
43
74s
75
17s
23
17
39
37
50
11
18
62
11 month
68
2 month
35
33s
91
71
57
24
46
30
72
95
77
62
40
83
43
10
89
74
32
24
12
5
15
23
6 month
100
3
5 week
99
85
33
82
99
78
97
6
11
10 month
100
46
48
12
36
93
9s
7 month
37
32s
34
86
93
52
64
89
88s
82
59
53
6 week
6
2 week
77
59
0 month
52
64
0 month
49
7 week
88
10
1 month
100
7 week
91
69
45
1 week
2
42
67
50
59
50
38
82
57s
77
86
2 month
63
88
6
84
45
76s
0 week
54
66
54
47s
40
19
71
55
99
0 month
74
39
7 month
61
56
10
3
32
77
53
0 week
59
48s
20s
2 week
80
11
78s
19
60
43
55
24
10 week
27
9
97s
77
15
9
86
85
0
59
94
6 month
12 month
45
79
65
48
42
86
64
30
80
80
92
84
77
86
7 week
95
47
10 week
95
7 week
31
51
87
41
14s
23
1
85
68
42
67
82
52
39
64
60s
60s
57
78
75
32
49
89
95
75
92
41
64
68
17
81
14
59
14
35s
2 month
78
63
10
44
75
63
1
9
0
99s
30
19
43
58
59
59
5 month
55s
65
10
19
3 month
14
20
28
94s
38
66
42
10 month
31
83
56
2 month
21
5
81
27
4s
56
61
36
78
38s
72
81
72
96
9 week
77
5 week
50
22
99s
22s
94
9
76
32
11 month
37
37
34
7 week
87
38s
29
69
52
40
74
8
5 month
11 month
69
29
49
74
26
6
0 month
100
11 month
32
32
4 month
57
79
9 week
23
30
44s
86
55
9 month
0
1
41s
34
0 month
12 month
39
8s
10 month
36
3 week
69s
14
58
27
60
36
65
3
66
60
33
69
6s
84
26s
0 week
87
1
6
39
85
10
90
84
6 month
56
62
6 month
32
20
95
33
94
11
18
24
84
15s
55
39
68
15
73s
10
35
36
27
94
21
33
9 week
53
87
62
5 month
49
31
30
50
83
11
79
13
70
57
5
54
99
37
20
68
20s
49
37
91
28s
29
52
6s
33
14
80
76
39
74
47
6 month
59
38
83
24
18
81
8
51
2
3 week
39s
60
95
94
45
5
17s
57
86
21s
94
42
78
31
58
3
48
69
40
48
8 month
72
7 week
13
100
10 week
64
6 week
40
3
4 month
49
81
3 week
46
69s
39
59
99
82
29
85
100
94
36
60
29
52
22
1 month
6
14s
7 week
59
56
14
82
75
6 week
70
47
4
36
38
91
71
6 week
98
7 month
76
70
8 week
67
42
10
9
41s
23
22
32
28
13
78
5 week
90
85
52s
27
53
97
35
3
44
21
7 week
21
10 week
17
8
67
3 week
14
23
61
11
100
41
82s
11 month
62
38
1s
58
51
47
80
45
1 week
3 week
37
5 month
77
64s
33s
50
10
13
87
87
97
74
17
79
33
91
74
12 month
19
98
14
29
76
75
11 month
20
10 week
26
93
57
2 week
74
5 week
53
8 week
61
81
36
43
0 week
29
17
69
34
34
56
71
42
66s
94
44
6
4
32s
95
76
50
73
2 month
83
55
63
54
40
57
55
100
80
4 week
31
51
96
14
41
62
36s
64
66
60s
95
6 week
44
94
0
4 month
78s
17
1 week
32
59
82
80s
47s
44
16
71
27
7
13
73
95
48
26
6 month
78
73
22
28
96
20
23
75
19
61
87
43
46
86
35
93
74
46
6s
93
32
78
16
11 month
6 month
30
65
13
73
56
56
4
9 month
38
23
3 month
29s
51s
70
17
77
11 month
11
53
87
82
51
89
53
27
95
54
14
2 month
47
79s
9
23
84
37
66
25
11
50
95
82
99
67
43
27
32
65
89
77
12
95
15
33
100
36
56
0
6
1
92
65s
12
5 week
28
51
40
5 month
35
81
67
85
83
36
10
10 month
84
65
26
94
38
2
17
60s
64
98
35
78
35
4
7
64
80
12
42s
82
1 week
52
32
70
15
71
2 week
96
48s
48
59
5 week
72
96
8 week
25
1 month
50
92
0 week
93
93
97
82
27
4
23s
97
75
84
60
56
35s
1s
26
29
28
11 month
20
28
5
25
70
55
0
98
60
45s
18
5
16
26
10
39
73
26
15
18
6s
75
7
61
100
19
54
99
0 week
96s
83
9
78
53
40
35
99
36
1
55
53
99
89
77
14s
34s
52
8 week
31
8
59
25
51
90
42
17
12
2s
94
45
74
99
5 week
81
9s
9
49
11 month
6
16
81
24
33
3
23
8 month
36
0
86
10 month
66
48s
3 month
99
94
30
6
35
99
60
77
10
75
68
96s
22
34
88
3
76
90s
63
72s
4
99
57
92
7 week
55
30
68
97
68
42
34s
42
19
10
26
80
41
10
83
83
27
80
12 month
60
54
26
82
10 week
87
1 week
31
38
18
22
2
51
1
39s
86
73s
86
89
93
6
27
88
33
73s
0
9 month
31
28
91s
79
54
69
0
17s
79
49
37
42
50
84
2 month
36
8
44
46
15
15s
47
43
90
3 week
16
3
87
89
87
65
1 month
51
92
97s
61
41
80
46
83
30
64s
16
18
64
71
4 month
10 month
82
36
3 week
93
41
45
10
100
30s
11
3 month
31
41
5 week
38
55
91
57
87
100
21
16
55
35
30
21
4
8 month
56
54s
32
84s
30
96
44
70
49
66
99
59
28
49
0 week
6 month
10 week
79
46
7 week
95
41
6 month
28
26
9
98
7
52
31
3 month
17s
68
97
50
49
78
91
6
7 month
8 month
32s
97
11s
45
6 month
80s
64
5 month
86
55
6s
33
5
45
82
37
6
64
57
54
96
79
46
78
10 month
79
93
3
39
12 month
66
62
4 month
82
48s
22
53
3 month
17
75
85
6s
94
94
2
52
11
78
92
87
3 month
39
80s
15s
85
96
78
59
3 week
10 week
9
66
68
43
64
49
13
72
60
33
36
23
9
15
18
8 week
34
46
99
34
48
4 week
33
63s
98
11 month
11 month
22
3
52
2
8
29
68
7 month
74
61
84
10
95s
83
9
5 month
88
90
81s
40
54
88
98
62s
71
4 month
29
65s
75
22
88
53s
30
47
31s
96
8 month
17
48
42
0 week
70
8
96
39
20
46
62
98
80
86
22
52
17
70
38
26
6s
58
3 month
81
2
87
5 month
74
58
70
84
28
43
59
35
30
12
74
10 month
24
69
87s
77
71
30
50
7 week
66
66
88
84
84
5
83
85s
34
23
79
49
7 month
62
25
72s
31
47s
68
99
80
58
99
82
31
8
63
83
52
97s
18
31
62
85
62
32
7 week
16
42
94
17
43
81
95
54
43
70
71
30
75
76
14
73
69
76
26
63
97
2 week
7
27
2 week
42
65
3 week
50
60
100s
50
86
2 week
87
80
41
16
56
44
38
65
57
18
10
2 week
62
62
89
79
33
30
2 week
66
99
15
65
39s
95
11 month
32
41
3 week
87
95
82
96
55
5
60
84
2 week
9
45
31
1 month
22
2
94
85
45
55
23
0 week
89
9 week
5
78
89
89
11 month
99
31
0
40
66
33
82
7 month
17
77
88
74
63
49
47
8 month
1 week
88
54
71
63
0 week
42
14
51
31
75s
12 month
25
59
29
5 week
31
39
39
6 week
14
17
46
62
30
58
42
34
19
2 week
93
11
54
51
53
9 month
78
37
53
15
78
5 month
41
89s
0
7 month
70
75
71s
65
27
31
10
38
60
0 week
90
35
59
28
99
36
19
10 month
30
0
36s
23
23s
98s
68
2 week
72
38
70
84s
88
65s
56
9
6 week
47
13
22
63
3
77
32
87
70
84
25
46
61
55
15
12
59s
12s
68
83
42
76s
65
93
38
58
66
7
47s
67
7
23
5 week
8 week
69
18
1
90
1
9 week
4
19
18
42
47s
71
32s
7 week
55
71
10
86
80
60
79
72
36
21
93
46
15
10 month
12 month
7
70
38
90
62
31
46
83
24
70
90
95
60
11 month
56
18
58
3 month
5 week
26
29
74
53
22
50
21
88
58
43
57
79s
64
1 month
17
27
20
0
76s
93
0 week
4 week
49
61s
75
55
85s
10
2 week
1
41
36
12 month
73
81
97
15
81
93
24
33s
65
97
86s
8
70
3 week
4 month
56
65
84
26
47
52
61
96
53
74
48
24s
6 week
14
62
10 week
27
41
49
69
53
11s
32s
59
5 week
7
24
37s
26
11 month
80
13
44
65
7
16
85
2 week
4 month
0 month
57s
25
47
79
11
6
51
92
29
20
92
78
5 month
37
62
36
85
3
5 week
55
9 week
30
34
7
60
10
57
8 month
56
89
20
92
7 week
56
96
10 month
91s
77
0s
5 month
42s
7 week
35s
17
3 month
88
33
25s
58s
78
75
41
98
73
85
93
60s
54
55
51
5 week
57
5
5 week
48
11s
81
89
92
21
9
31
9
37
31
68
52
85
91
70
20
54
24
26
2 week
94
89
44
100
3 week
42
37
50
43
95
90
95
42s
58
63
7 month
83
55
94
9
22
7 week
20
12
93
28
0
45
3
24
39
22
14
53
2
4
66
12 month
12
16s
94
3 week
100
7 week
3
54
90
54
46
6
3 week
4s
91
38
100
78
46
20
45
27
2
70
6
6
35
44
46
91
29
40
66s
89
23
23
55
61s
81
7
26s
6
86
64
23
25
84
71
4
22
81
1
9 week
30
24
89
36
3 month
5
46
8 week
49
4 week
84
38
12
23s
56
4 month
3
93
75
44
57
99
43
41
5 month
37
43
91
69
57
69
85
28
3 week
23s
92
21
85
87
15
11
47
0 month
14
68s
9 month
96
23
3
87
29
5
17
81
9
9 week
6
18s
13s
52
73s
94
68
41
6 month
8 week
12
60
16
10 week
1
0 month
32
5 month
28
16
55
72
88
89
82
42
4
15s
30
2
55
2 month
27
54
86
55
56
64
100
40
7 week
8
85
70
96
81
49
4 month
7
20
73
70
7
69
73
88
76
84
33s
1 week
6 month
92
78
46
9 week
9
33s
11
57
27
7
1
95
3
63s
93
14
43
11
14
66
7
26s
72
6s
19
46
37
0 week
20
22
9 month
27
5 month
12
5 week
99
36
67
66
71
58s
54
1 week
68
61
9 month
6
86
45s
3
58
64
6s
96
79
76
92
62
65
96s
72
44
19
18
3 month
14
26
7 month
8 month
4 month
76s
92
82
8
96
5
96
82
86s
17
8
59
36
89s
74
50
0 month
0
12
92
56
4 month
29
13
88
41
5
22
30
35
59
0 week
9
60
14
62
3
30
55
7
93
10 week
8 month
36
70
9
86
29
57
57
65
5
32
93
12 month
78
6
48s
9
99
12 month
82s
26
39
41
18
75
79
26
97
69s
34
67
54s
3
82
33s
86s
91
69
85
46
35
46s
43
97
69s
35
42
21s
58
32
50
72
1
46
95
99
98
37
79
10 week
2 week
100
88
30
24
37
73s
52s
5
6 month
8
75
44
71s
45
64
14
22s
39
20
45
73
4
6 week
33
16
2 month
24
92
11 month
79
10
38
10 week
59
57
22
9 week
67s
1 month
58
42
82
75
26
1 week
87
89
48
47
25
21
77
9
60
11
74
37
76
8 month
45
3 month
63
27
33
35
85
64
100
97
8 week
9 week
17
100
77
91
22
24
74
26
10
56
47
75
6
81
42
95
23
4 month
51
45
75
30s
32
26
9
80
42
17
46
24
85
7
62
8 week
50
63
20
61s
3 week
88
22
44
16
1
54
67
26
18
41
33
47s
49
21
81
99
16
35
37
9 week
32s
17
26
65
65
71
64
95
59s
81
93
32
5s
82
29
42
35
35
96
94
19s
29s
46
70
4
19
15
5 week
37
93
6s
30
94
6 month
72
11
39
99
72
45s
3
22s
6
60
10 month
1
48
4 week
90
76s
12 month
62
62
27
57
28
40
27
95
100
71
88
52
68
47
98
34
75
18
93
65
1 month
3
2 week
59
86
46
33
57
4
1 month
2
1 month
32
80
40
51
42
30
0 month
10
67
41
8
34
5
48
100
48
22
38
17
75
20s
100
92
49
37
39
6 week
84
89
92s
6
58
54
78
4 week
72
77
78
48
3
49
60
92
11
24
22
95
61
9 week
2
91s
23
94
3
44
44
70
89
6 week
72
75
31
19s
96
5
74s
42
5 week
62s
21
42
37s
6
13
32s
36
5 week
71
92s
3
84
23
6
57s
75
16
12 month
40
88
0 month
17
81
77
85
64
85
8 month
15
100s
9s
49
32
32
9
17
42
39
44
32s
19
57
82
27
7s
8 month
74
6
36s
57
96
99
86
69
37
8
66
6
14
89
44
11
18
12
63
1
57s
5 month
68
27s
22
30
50
88
13
30
4 week
64
7 week
8s
7 month
5
1 month
40
81
3
68
86
98
8
4
88
17s
93
8 week
70
57
15
20
40
78
92
45
75
38
7
6 month
73s
14
58
27s
93
6 week
11
1
88
3 week
16
75
24
85
85
89
39
61
51
77
22
49
99
47s
80
33
87
14
2 month
29
71
16
81
6 month
25
45
54
53
5
1 week
80
86
12s
39
84
34
32
8 week
10
61
20
65
3
18
4 month
47
78s
25
1
95
8
75
62
9
34
74
59
55s
4 month
29s
78s
62
86
54
34s
35
36
74s
8 week
13
82s
88
28
100
41
21
80
30
39s
31
9
87
2 week
25s
53
54
11
90
4
97
0s
47
35
5
13s
68
25
72
17
68
86
78
58
9s
8
75
0 month
61s
42
8 month
69
78
17
42
26
60
97
73
43
72
11
36
78
1 week
88
91s
72
3
46
85
62
73
34s
70s
2
77
48
71
17
97
15
35
3 week
33
29
96
99
19s
53
4 week
17
96
53
92
7
58
17
15
0
3 month
62
24
57
79
14
5
55
91
88
39
70
50s
67
61
5
23
11
70
12 month
33
66
8
2
95
58
1 week
9
84
96
52s
55
89
70
0
3
60
21s
13
50
51
41
46
11
52s
58
82
56
98
39
21
25
81
13
64
1s
10
8 week
17
51
67
22
5 month
1 week
25
46
99
33
76
97
73s
37
20
74
37
8 week
55
99
90
98
54
49
33
83
3 month
49
59
9 month
6
60
48
15s
39
50
74
78
52
10
93
36
24
8 month
1 week
95
23
5
80s
23
25
99s
95
4
19
27
50
11
69
99
73
21
91
96
6
3 week
13
95
96
2 month
93
69
5
81
74
68
70
61
93
41
81s
66
81
97
88
84
68
10 week
85
58
43
0 week
2 month
28
68
21
25s
55
91
45
68
66
50s
15
66
25
64
9s
61s
2
0 week
36s
4 month
44
18
82
81
9 month
22
83
62
41
71
37
73
99s
33
43
52
80
4 month
83s
5
26
40
4
4
65
26
30
32
71
14
16s
20
67
53
50
36
7
5s
37
24s
13
6 month
17
56
75s
10
98
0 week
76
79
64
61
10 month
0
8 week
38s
85
41
84
0s
87
80
22
4 week
49s
100
73
68
19
4 week
99
49
81
34
40s
87
69
46
65
27
33
34
80
10
24
80
32
95
71
53
20
98
97
75
42s
73
2
37
31
54
11 month
7 week
9s
62
73s
42
0
54
88
55
11
8 week
89s
0 week
0 month
4
2
56
73
6 month
80
9
37
40s
78
73
74
28
93
77
42
36
75
76
74
81
99
5 week
6 week
32
53
97
100
5
22
58
80
81
100
51
48
5
43
18
43
67
78
3
46
41
36
31s
23
85
66s
12s
4
19
32
31
23
30
11 month
82
78
1 week
23
5
51
58
82
22
1
27
60s
16
84
70
10 week
61
51
63
35
91s
81
40
10
20
14
37
64
15
34
18
1
0
39
79
30
26
10
69
73
82s
23
9
65
98
3
66s
10 week
21
86
81
8
9
32
74
8 month
5
74
65
53s
85
3 month
96
49
64
69s
8
4 week
10 month
0 week
12
71
99
81
64
89
3 month
28
30
80s
87
77
14
38
47
1s
19s
26
52
38
56
75s
48
37
71s
81
19
53s
12
0
9
41
23
7
48
23
7 week
61
57
87
85
23
8
13
88
70
8 week
86
49
82
81
12 month
39
3 month
8
72
0
10
79
56
16s
7
41
57
94
8 week
77
48
85
39
81
21
76
88
5 month
69
85
57
92
99s
88
7 month
8
6 week
65
43
19
42
10 month
44
82
62s
55
2 week
63
74
54
76
34
31
93
69
1
32
43
83
56
31
53
33
21
19
9 month
42
11 month
47s
70
76
10
71
13s
47
0 month
16s
13s
71
74
50
82
34
40
12s
32
10 month
23
88
89
13
16
43
19s
85
38
40
2s
1
3
74s
2
1
60
37
46s
23
24
22s
79
63
79
68
2 week
74
82
74
18
55
71
92
73
3
72
24
96s
79
26
19
39s
8
94
12
51
31
91
80
10 week
98
37
67s
6
6
36
58
74s
48
33
32
20
34
3 month
23
8
90
79
51
7
95
100
32
2 month
21
15
0 month
82
83
4
2 week
60
49
0
72
34s
3 month
35
46
81
24
36s
72
70
71
50
6
1 week
9 month
72
10s
57s
69
66
15
2 month
9 week
1s
82
21
27
84
58
48
6 month
62
45
4 month
32
68
100
17
85
5
1 week
74
60
56
0
61
61s
49
19s
28
15
24
3 week
62
3
20
21
11
9
58
11 month
2
57s
44
35
5
5
31
74
7 month
19
70
59
51s
13
74
4
61s
45
28
79
46
33
51
97
54
12 month
50
6 week
17
86
10 month
93
1
36
1 week
79
77
68s
32s
91
53
