90023
23344
22947
32649
19655
90919
29850
54869
48954
79426
35239
53293
56185
70832
55715
51561
34960
55988
91641
97511
94893
94041
11162
46540
90892
29117
72680
81127
60488
74814
60688
51717
48188
89225
78693
59357
87771
11198
87648
16972
23790
24188
55415
32379
46898
28874
93516
24084
20320
33785
45081
88452
85781
32555
68063
80827
13626
54259
82727
12973
21265
86158
29818
95757
56594
70123
24084
32211
43346
54794
86879
31963
44239
27624
43960
94549
61261
88230
79974
70954
65574
61171
60944
10139
19860
74033
64760
67194
81669
32014
66063
99988
82669
19894
47565
45577
28919
80816
38894
74572
14323
32554
54732
91672
17851
96570
41261
83083
58373
39210
31974
87050
15040
32141
18336
24459
47536
15260
99744
36499
12049
17582
52990
28693
93993
89470
79967
34153
88014
59965
28846
98386
68056
76186
14960
70610
31664
50464
10037
55329
96361
53941
60742
30139
45250
20234
36631
24413
98276
17151
62984
62146
23840
71692
20833
15991
95598
95936
96463
27028
44984
56282
60536
80946
11228
63492
38598
18127
32242
12945
75749
87048
10478
88530
69432
25411
69623
10690
83633
91477
66850
87890
73337
79557
85788
77753
21268
98623
49414
45273
78796
18419
39252
29681
48252
54654
72262
65913
76133
44913
24584
92087
96914
58293
56156
84933
12990
42955
99213
79031
89656
81679
27441
14610
43998
33916
78563
38332
72074
98723
31554
49086
31188
67384
57499
46064
72913
73788
53014
24273
78455
24411
82626
95058
58224
13813
41747
15891
82518
91941
72183
28086
11364
95072
85910
67081
42125
47996
58971
47078
30181
30318
43681
11436
93065
69992
32814
75542
15221
17126
58217
21096
14782
86147
37729
28385
26851
74888
40918
95896
52735
98984
58350
24281
66350
88478
94154
81082
18392
95863
80057
50523
45910
28544
64130
14176
96176
16742
53828
80180
97813
59465
30630
77689
41057
73329
17223
61112
24310
44865
44410
54415
38743
90982
52968
13244
41813
58364
10432
26820
84241
80622
44713
65022
12892
42725
83577
75728
57256
95781
68422
23399
93598
42774
78577
57552
76880
97260
48348
57572
65995
31888
33242
78777
51240
82775
63097
48714
19543
26473
26055
62371
88966
46059
77932
17280
89721
52127
19613
83441
27848
37354
48276
11148
23428
56983
67481
11317
10617
79744
89083
77418
13747
43143
86564
11593
40192
83591
60022
25489
86478
67366
84598
66617
64423
54464
41014
34810
77465
15786
44116
13628
39060
46528
79092
51346
32555
51145
78431
64852
23355
23511
65780
65088
39241
70193
44452
85539
45311
27899
42859
78679
32157
58116
76575
33673
69874
52266
49514
56954
13849
11136
34451
63360
51980
57727
87825
42119
53620
44152
86663
47664
17683
37068
56748
88539
54824
23198
38967
13852
15077
77723
68541
23644
73665
25474
49797
49893
27272
49487
89727
26519
80134
41087
86086
74232
72182
20750
96158
49161
61411
46690
97369
77983
27337
52697
77733
79260
13365
96776
92685
47796
87017
22270
84771
83147
67930
46588
68894
70758
40189
73885
84511
95420
12125
53015
42189
71580
13959
52378
38313
53987
72115
15332
64660
22535
93694
90137
61261
93722
25886
57674
93866
11162
41040
86225
37494
69911
14479
82194
70658
13597
96874
90582
44492
86246
80457
21584
19448
25197
30959
38810
53295
26195
56573
75552
79743
14969
58152
74493
39665
96496
52852
50155
91021
62191
47515
78321
16974
61224
94277
60171
46681
52721
56435
28258
72928
41487
96884
88443
63856
73054
47938
12632
51310
30261
41927
22642
58045
40126
19341
10221
66894
50676
42561
79936
19085
37534
36456
28592
72877
93682
95039
91330
96848
71225
88840
87147
12613
20111
92791
79542
58164
71331
35056
16236
94575
99214
36298
35631
19161
82336
91111
18511
71584
29659
88164
22593
87665
30229
78744
40856
24268
49329
14262
95351
30551
16855
92671
81823
72358
46142
23146
46822
77046
94272
96186
83517
87594
99723
68099
21617
54878
22795
89585
63553
37980
96296
56277
13953
23134
51991
95932
84612
93616
41653
47118
27256
36713
38526
20818
21313
71344
99621
30263
29963
24554
22513
87189
62036
35279
84491
28018
95964
44122
91284
66534
25171
78867
94265
84485
83897
83491
37718
61517
55946
77674
60781
85036
78196
72198
14785
48690
45158
11389
39775
97436
32719
51215
67058
55818
46699
52220
59560
82767
51988
85019
87414
46481
67884
40271
38150
80134
63954
97188
95491
37652
96633
38383
79784
74978
57533
10346
58491
90148
30321
71551
76849
11878
26581
89958
58644
87697
46497
33744
67648
66681
37632
12129
20750
79580
81732
45295
52917
14077
37860
42651
71090
48081
59580
85388
57835
84787
81191
75147
22616
51045
50926
89539
61853
30336
35727
25368
62863
47561
80016
24260
63972
13955
99242
35398
36060
23821
48366
41041
19054
42156
29863
98793
70424
32589
20094
30561
79439
65828
27493
10966
38452
55799
96685
87677
29512
56267
24336
15973
91240
89739
84351
82786
63958
28473
52530
56510
53756
29156
54258
54543
15833
96639
28854
65432
17795
17855
55647
35969
44479
57621
30966
41312
13850
93466
94559
66759
22572
13927
31892
22116
90856
17396
48343
89122
89139
58395
74815
77047
82751
19199
20469
92042
80041
66755
65141
24151
24535
71580
84175
89365
95669
67980
80692
89797
30736
93771
98620
88868
91946
14256
39676
24243
91390
44847
90772
26054
34092
52742
39984
83419
25315
95239
13371
19457
84182
50551
40479
96188
93622
59389
86565
86658
83716
75878
65183
31140
65579
15338
51925
53849
80455
62743
84631
73667
41047
89432
48494
85884
98166
51396
57188
21412
22783
30566
24776
18617
26641
92915
59445
36083
12793
27432
31396
82471
59766
75362
42358
16998
78991
60678
57646
45379
46885
49912
45815
10820
66440
58617
46448
45634
32876
92562
60315
85577
96430
83483
20653
61811
15948
21560
65255
33687
17616
62856
76177
66931
66256
53810
46025
24854
97554
46754
82344
43180
24873
12538
23687
14260
85729
22914
79959
86430
21587
70415
11860
96614
25513
43858
89610
37067
98931
55577
89249
82383
99443
16234
38937
45713
90734
25541
94986
15343
82593
54749
25739
56498
24612
93655
53171
80574
57641
85818
65026
21532
22654
99992
32342
41210
91318
35341
80787
11367
70866
42290
96832
91888
77213
38745
39774
80389
81036
81177
31879
52736
71186
69950
16860
77670
42451
83265
97746
74299
15563
78935
73119
76617
96594
71247
78943
80359
45686
66893
67840
37693
44142
49921
63011
56353
75188
57398
66766
52479
67073
15930
36727
72275
70153
23244
81075
79731
27941
12647
52122
86561
49297
27155
11849
13278
13253
24176
35518
94956
82630
69676
69420
94926
36924
50190
92087
60354
54892
20041
43055
46954
32274
16329
86054
11695
43410
57139
77461
98547
11274
96168
56176
30648
58033
72441
36972
35980
22775
67268
26614
45721
74362
69298
17922
79579
71287
58874
90852
14851
34055
44734
79650
25024
27083
75294
10186
93554
10153
43166
15866
22083
65879
58649
32741
77442
19085
56731
41490
43524
41285
64940
74455
20593
94279
42926
57312
49473
85473
53182
68199
99465
33066
64097
88041
76115
21658
62847
22716
91378
53662
68751
90499
86082
90424
80740
65198
93278
68623
70488
91641
72666
93161
69625
45475
65658
25634
47292
18227
51172
48488
69312
26357
47818
45843
78214
61633
69484
63943
57682
34474
81767
87858
62981
54878
66621
63215
48476
27358
95435
94221
69423
12727
21587
60052
85229
65573
96991
27937
79317
72539
73759
82086
54138
56810
21964
65869
34052
90588
39561
79684
91460
21140
55432
37621
86582
52030
93290
10325
66896
79218
81447
72065
48940
22371
69873
35275
17523
96041
61027
27330
24588
57710
71858
71179
66553
48495
23654
80832
41136
18941
82248
85917
93023
37892
62984
53462
75766
30945
24532
65744
36817
84114
77337
81752
19036
13745
54952
83253
67779
54463
49588
67924
52365
89254
13086
39081
92518
42277
95651
41463
79481
40926
94491
88087
39246
90274
10122
53151
66519
48576
23063
64064
47792
30666
79663
10448
13223
52929
70212
58964
72667
82944
34272
66323
85615
69714
53986
28995
65582
15317
70520
93986
26818
49061
27737
84696
12767
48431
97720
32917
12355
57322
69896
81935
39487
40217
51667
17735
19427
19249
56549
55275
24596
13627
38214
55113
49568
12263
78261
12838
24227
37299
45791
28143
90759
88222
67542
69953
17499
94694
69316
47840
28439
45338
88832
84379
85231
30530
68549
17736
52738
38072
54859
51241
89097
93291
14879
82392
74391
18629
68390
15155
34955
77835
14579
22151
65346
91365
40315
96619
62051
56824
61056
55266
29196
92572
50655
45461
13317
18322
87418
73176
81079
42678
10018
92428
10252
68166
75249
75364
46581
56217
85117
98962
76327
74232
53319
58927
69426
27927
52526
64448
38098
90573
98920
84445
10592
99097
80937
92778
67343
51396
36695
52447
37991
60523
29880
92433
80769
36335
71387
37930
59043
87892
31385
88780
48125
16681
22823
49768
76439
60838
97861
13879
23172
71246
30999
63141
67765
22898
87670
28446
97895
49678
75653
31948
25297
53212
79895
57439
67546
43926
18736
44968
48092
71991
50081
78868
11883
83487
82176
74822
79076
38398
88938
89372
86390
53352
69674
56519
30849
25551
19248
71233
76624
33144
18656
44772
10544
14947
10883
89064
37280
73072
36212
23936
63989
63483
88919
66945
65753
75118
61428
99499
11851
88524
60829
74270
66015
65972
56757
68587
17642
18065
22286
31947
38322
57540
19163
59380
60655
72292
42369
37995
65621
53653
73518
80583
54756
52850
63622
21612
48795
30166
90786
22572
27925
38032
34011
40254
13749
21898
72514
34421
86559
31217
96757
14952
89319
39593
81993
13292
39561
66715
59858
51417
47196
66365
90796
17242
55361
91567
47194
33844
13035
29359
73647
64094
31110
15711
54267
79535
55288
28354
42231
23562
61744
73128
40942
63243
11925
19724
43116
22746
90152
58924
20986
67429
78758
57732
52888
16596
97222
63173
89098
56648
11557
20737
26557
63381
30240
29832
53475
57678
70198
62081
43141
80128
56865
75923
99156
93944
93879
52529
37481
60199
32914
42286
22622
84876
95498
80645
29081
95168
70328
22190
99449
46471
78737
12376
99186
37650
44774
47790
30334
75277
10382
33669
52524
40790
12125
76237
68152
29732
64711
70214
35164
90489
52890
56446
27931
23125
74315
80884
80441
60757
67574
15390
56383
80527
42690
92078
30976
18841
35929
11542
91982
29093
45235
78734
21627
34098
87841
79485
77713
90535
15056
90542
62088
85841
32290
68096
19770
62147
67411
86648
32567
94778
90978
28625
32952
87830
45482
13082
69469
32770
30381
84614
17069
24164
97522
30913
67814
26869
54225
80733
36197
58811
36757
57273
70944
64151
45150
92816
72099
96538
10188
96881
45989
51162
11773
20544
73581
53916
69566
89899
85831
10867
39470
91247
36759
58770
81898
83854
36066
18797
16659
21031
89643
18471
30755
92266
58515
90755
19120
31353
35076
51764
42178
26928
95366
77986
71123
90421
27055
96198
89721
57566
39680
23821
39257
52777
21038
82978
76598
32897
75351
89339
99982
57555
63632
28017
46569
77899
55169
49538
73857
18883
64686
81966
69354
76214
22651
76695
96565
97750
35018
86040
19165
62515
39936
42590
13764
42411
10417
81112
37027
64173
26643
22373
76718
93457
12913
67339
39581
23232
96653
72758
62598
15939
34436
88722
82365
90625
94345
79465
91844
98670
20668
84548
76528
39653
80772
14213
63429
58179
28067
68449
73159
53041
12737
94695
79976
93298
14864
96964
83010
59636
81194
79840
76456
23283
37562
99627
90723
79191
61985
22421
98715
69092
95361
66333
38698
14096
73740
80373
33073
73868
10979
64338
31482
32833
90178
88237
13454
65597
50522
11762
69213
45363
17575
29248
14732
97829
36618
32763
10592
69343
17666
92314
64545
86068
88765
36442
75426
19445
39442
38332
19521
36385
57258
36781
19543
31924
91944
95355
38610
58296
47653
73336
25312
34680
56049
41124
63987
82896
44184
22353
42419
22671
57987
54551
70979
74763
81687
72632
35082
32889
31365
76223
94349
48140
99730
98945
92467
58755
29532
83868
18282
89210
66050
84175
63773
82558
25244
84494
90236
87620
94465
89872
91995
30127
28840
49240
25741
30489
90843
65842
34616
70711
57041
41678
96138
66514
98363
64221
20455
48855
31174
35233
25732
56991
19949
22090
61166
52865
87965
72057
23179
66073
85419
90249
21385
87872
13530
36991
46295
83950
51116
48129
21642
58451
87951
81983
59046
83491
62757
65338
21513
67214
93579
29356
14042
42444
85558
62784
41833
58046
59619
54360
23680
19166
55165
52782
96012
55584
30235
22132
79428
22031
98019
70741
86757
73198
58228
45318
43215
78094
29218
98494
72427
30212
89274
76119
44763
14917
61130
51810
75813
17340
21537
92147
36666
38886
87530
10349
58577
55163
96866
82859
25165
59089
54248
46252
27555
36114
67841
91956
26168
30696
37450
97522
99648
12675
27161
70651
35447
99477
52438
18968
33354
75750
54325
81757
52038
52382
22237
62997
45925
70398
58660
24170
80873
18686
65485
47243
60686
57598
61595
67313
21742
72345
57899
18310
15742
80611
37061
44769
49180
42539
34419
74526
88447
15983
24621
61228
25816
25069
24931
64479
93513
78985
20661
77674
13766
80883
41444
27320
40717
11187
33327
14748
82171
83624
59971
19446
51345
28541
29220
18090
11095
30372
96468
57773
24083
80957
35041
42015
69763
57977
91361
18911
37587
28954
93155
62956
71335
40862
78025
19077
46689
89114
87943
67068
57934
62097
81425
68557
47572
48518
17576
34794
90193
78969
26143
28286
33782
94384
99042
96328
14374
23446
21596
97186
71388
57227
98126
97298
70561
75195
73441
43396
20348
41366
16473
22871
71782
78925
77388
15238
50472
83619
88631
68676
34216
17819
56568
55994
39254
28344
51044
55474
20481
78815
90798
95385
19564
80192
82550
23960
39589
73627
35122
30368
88320
94513
59480
71811
23064
65853
82438
29095
60780
31656
23811
70775
50547
34160
64824
63134
21695
93841
58476
55237
16021
46950
72356
85221
93214
91282
14970
33711
66735
14314
87719
55551
30861
90283
47731
40564
11080
37341
42341
71886
48447
34722
92251
97391
71018
89438
23614
10098
72314
30733
31066
85944
71526
71650
32672
45181
10053
78088
87255
65651
80810
42312
26321
54043
53629
97547
56080
58653
76756
50664
93362
43081
88875
38189
95779
41884
97336
11250
15692
50261
93051
61656
42849
84648
62290
65046
15245
20915
94432
61361
44681
24118
25059
77126
42340
33186
24025
52858
79190
13364
11349
51047
96274
32878
55589
53589
85933
16439
53381
87078
11284
64193
78440
71392
56528
83285
30459
61881
49842
94664
65735
34815
18888
21263
61888
45652
18955
68710
32222
80242
97393
30551
53356
54521
51153
41180
59646
14248
36290
16744
63178
48098
20059
41772
33480
74253
65936
67514
13073
35259
61626
86651
82276
39410
21691
35076
69757
96937
44838
12499
94775
34355
56791
84893
18939
23551
89640
55112
76746
99519
94578
29399
39827
64924
67749
96379
72431
61820
27463
53435
50225
93684
36965
33967
34348
14352
75117
28919
37043
91468
45170
87553
72132
42322
54335
18345
70436
68244
15972
69646
75189
82532
63082
47954
57718
93414
25526
27047
77258
76435
11894
31780
34467
11724
73499
70751
75016
71414
35755
89689
28319
56697
94069
74122
18939
37020
25618
28469
45879
41311
10864
17052
68596
44818
82971
74355
40193
72755
31365
55017
43334
94043
77191
72666
51557
50716
94980
43661
72019
21873
58670
69619
31583
65227
57435
45019
43471
53652
81493
45468
42776
68653
92678
33586
56418
98126
49580
54730
91129
41046
84742
41148
86873
58683
69341
82341
54199
76451
69379
15511
54283
88721
10854
49617
89149
90820
75918
91241
73076
79556
65330
57391
71663
77675
34315
78188
11677
72610
16668
43315
52173
21034
59691
47541
52448
14018
24354
32799
33430
29323
29481
15017
71219
90863
37381
57951
48322
60556
75510
23031
34439
43264
22145
49052
34298
69191
44924
57959
76646
63761
97039
97826
24464
35827
10292
41094
42236
79398
77894
54067
55365
40289
84052
89989
60321
41840
28871
82896
66738
33776
73788
32477
80673
70648
94926
37758
53622
56473
20593
41096
28787
89815
78647
60981
33052
60335
61154
78383
33067
97280
31782
91775
68887
76358
13649
66255
42153
18129
22763
74692
89612
31963
10562
90580
29442
72794
79174
47454
37183
59155
34473
24479
81128
45814
68142
44343
44299
13485
19446
18660
74573
92628
37959
70671
85970
55956
99666
93184
65939
80856
27976
63111
19878
67833
10188
66880
33068
86267
66939
35438
80956
44568
60561
44642
42036
80083
19413
11023
87069
39844
25825
76841
85584
38061
33690
98072
97165
71882
90229
11755
63056
70295
74522
25312
93221
56834
96056
95090
75774
34337
87151
90655
42097
16975
88865
64523
94248
87831
58314
94252
98688
86899
39683
46498
34492
56862
63863
78269
24538
40778
44480
52434
19293
25142
25856
68532
82515
69435
82716
43910
24922
98043
19957
69972
65149
59762
84667
56956
13464
16066
26873
57644
77178
44133
56260
26799
52625
10348
27749
28959
46962
74222
27514
71824
63066
21837
27861
13225
13839
68214
90567
66366
38142
76399
85197
92658
14855
66544
57713
77053
92860
69774
82297
51380
38967
24354
62261
83328
94997
41937
94157
52380
32593
93936
64896
15723
99654
47465
27991
82393
75175
79027
57036
37660
58740
75619
47171
12212
23148
88262
36657
51668
48588
56274
78269
13980
28620
78118
89493
38939
24281
11328
53232
98954
10181
97875
46053
41416
82366
57838
77086
93430
16998
53368
60360
21215
77389
68032
38596
40825
72776
54018
79948
41319
93559
60882
77265
12512
57674
92021
98794
98791
74193
95910
69746
28317
61619
18634
48037
22651
78086
44826
58340
89813
11375
83414
49490
48459
10066
69012
28035
25861
94544
20162
25747
20281
47129
29138
14599
11299
86847
90438
82672
57239
95672
34346
12194
94150
72130
50573
90183
80789
58793
86153
11017
95862
72995
75039
51253
52212
35959
73918
72059
52060
39084
63550
93944
72082
60878
34285
74590
98596
88919
71834
41165
70963
19096
19523
22479
57020
25589
85643
98217
51741
97424
80466
81577
24749
74235
82216
49671
77274
67960
43664
57626
66184
30866
17832
43786
17364
56199
51169
48341
96552
72312
40258
35513
52041
96387
35389
63213
42958
95196
16694
38924
57299
82331
86940
79854
32648
32970
13013
93268
65428
26528
98851
68874
98595
95032
16217
24566
40237
24171
47253
90734
94184
48712
81339
96825
56835
93770
65179
24699
74612
32248
89271
71432
84892
61713
14463
91329
50443
31816
67261
25881
69830
55179
87592
80083
19265
89280
63997
97088
98312
34446
12158
85516
96442
53183
75040
30436
39618
44031
52788
17786
60267
53943
89041
87437
13532
94069
33540
37275
51811
93155
96016
82816
33742
51690
30275
50546
94821
92724
46639
81597
76039
28251
32550
65587
24442
47177
87262
20736
98534
16973
37121
42926
49369
63152
58876
78588
70223
52549
13897
51468
26773
36763
13773
69683
45938
65358
88369
11283
79486
85190
13986
37196
91771
82927
96723
42278
81724
57733
76667
63548
45699
57845
54067
53241
53519
57590
78762
93757
81391
89475
40743
49928
68162
38392
10898
45239
71639
34985
98188
56195
11491
85124
86658
81288
92132
12460
82237
75747
76011
57273
67711
82687
57386
59275
50499
92446
62346
56744
43827
59639
49581
47487
12390
73184
53658
69178
42777
99177
71097
65940
35156
90850
11226
67991
41155
99455
18753
73587
33741
45570
37470
80478
53129
76936
76524
78691
71381
63515
29860
19620
56036
89269
97272
97088
98051
96481
53764
13966
12241
64593
56246
78036
65814
71722
65945
89460
79035
16130
75134
82463
62733
71922
85689
74992
68264
78097
18393
70038
85413
44140
55511
70768
38143
55124
42318
35777
94556
60422
40061
23811
78060
82628
67979
17923
60820
86426
95845
97565
55264
94749
26246
27412
72683
32471
73583
69229
38653
74511
60840
35678
57057
50896
85013
27543
12534
23288
31514
67015
86790
94481
30089
99358
63761
25478
70876
99278
92863
15442
74014
46532
43937
99276
13151
81289
44419
51680
53227
79831
16190
25423
42560
38592
34749
34520
85354
73951
52385
99640
31129
80943
49512
93663
33138
89090
38618
14754
41764
87936
89939
51028
72016
98471
49247
53986
90722
49928
74252
85510
23423
29019
53745
59124
17241
17289
98263
28235
85988
88844
54056
46130
40928
76185
53464
47896
37925
48551
12397
87775
11890
78488
50913
38089
56191
76627
88140
83559
60364
12997
75813
38187
78429
28813
39472
71715
58484
39345
15878
81965
47931
57322
91467
13257
26372
33715
26582
10715
85366
39221
96769
47763
15467
92128
39098
37595
90116
61224
88511
69242
63611
69584
22285
96027
34012
59529
19176
15132
89863
89199
40863
23413
40288
40698
83883
25227
29144
19384
79578
89266
14169
49862
13024
84487
42460
46372
23296
95830
25110
79115
36294
43016
82219
15793
50563
18768
99087
78232
19681
80022
11662
48916
97762
41171
15368
34214
35842
90642
59141
33717
32165
23163
66447
58652
54172
94345
96125
52632
69391
43240
78085
20949
99711
77599
17385
31249
34713
56555
13379
42264
70628
54213
19353
40188
76379
97310
51321
84474
58621
89756
27758
74877
89064
17547
82151
87945
77586
76616
48274
75181
55048
24263
38592
85066
48936
38418
71492
81215
21242
39515
76162
72961
78031
88046
87987
67481
32467
20953
92424
79340
27870
80790
61137
38181
51827
13393
20580
17940
12210
82561
22111
50078
88484
65051
78838
27498
71832
34053
91753
69386
20527
80290
83946
56642
38760
49912
34573
23253
89079
26868
72530
78345
27914
14245
55136
60051
17741
97891
16238
72987
87217
15523
61479
75552
15613
42487
70297
52623
94198
51235
92244
43233
97332
86886
83673
56879
39655
42383
84415
43937
57816
22726
88429
54221
34238
88776
48375
45537
40086
79085
94456
10713
93489
92660
64665
79191
15830
33226
35826
77211
28233
77812
48750
19365
92664
26888
73836
86923
67744
13075
41051
65222
65482
89926
59581
53054
92238
70274
77292
52356
14240
22937
78423
44727
75389
87339
15544
34595
36929
34462
23980
79970
10911
77716
78377
96140
13369
97090
88332
15060
11836
88859
86247
55348
38826
92677
70876
79498
80687
12043
54733
23121
86294
98716
81993
87974
61189
12833
64380
25844
68472
25468
49310
14455
18868
80873
22360
56396
71544
19683
61629
99662
51384
82725
61847
22510
20771
79465
12267
27846
56415
15856
37717
95344
35088
29664
24035
80041
77043
29441
20675
73272
64132
44866
99764
69521
39118
60746
36831
53959
58760
15884
33956
23174
90641
32557
32632
93643
23150
38212
56241
50742
79089
47120
64559
53027
97973
60042
20751
19535
13417
61756
96962
52860
19777
25381
48286
98453
91116
19483
34474
76617
40320
46077
69959
69810
53845
82037
40970
24564
73053
38040
82424
64515
63487
53517
38993
21297
53133
75427
78576
72344
32140
86526
70960
16772
73245
77731
64446
21836
48261
83638
71033
78436
32098
79584
24988
99628
21856
62984
71289
39840
41056
58181
67525
87234
70455
67034
17494
74169
80622
24351
12744
60773
44876
11118
75461
29452
91373
48672
25794
52584
92828
42620
68976
64269
25263
84099
86092
47789
22861
85682
84741
79284
84673
77571
27059
67085
23533
27739
49257
28275
12585
41530
63214
70162
49983
41929
25281
16954
86689
87135
96990
16323
21869
47627
93540
13953
83472
65256
24026
55599
14389
42432
97456
55210
51928
65875
83860
52278
21085
11613
92987
46380
67475
62550
85211
35832
75957
24625
90035
31911
26124
23951
37788
48513
71095
40676
83149
39980
79985
61676
43427
61627
63897
38086
41078
46982
96133
45043
36923
89289
77883
39775
27640
71579
20666
61532
82112
10387
85874
59184
25757
68380
98296
96417
23144
37594
49799
49135
77019
39219
31594
66536
13471
11564
15194
20349
94476
24934
50429
76832
47027
33011
45290
72025
84641
25881
52225
88596
86647
80393
13660
43024
46487
69263
75348
71927
39379
38288
19741
15839
78818
93297
99638
31760
70180
97767
90667
57884
22545
88093
66141
60965
70146
39124
77113
63856
39460
34577
54258
52971
13589
45386
96840
15234
84863
98476
47156
84562
66514
45393
73859
97810
75075
89168
98857
74574
20045
96163
89019
38252
45828
80441
14571
73436
49239
77178
30615
43617
31358
89172
55299
83191
19726
40536
98533
72646
13562
20497
63183
53898
42059
35076
41548
65642
85474
63934
94127
11997
43342
80055
76613
72888
27748
81968
96198
37941
17993
12531
63950
75881
51578
53695
81356
50282
21712
94495
78433
49623
47979
28664
80564
95923
60451
91999
50031
38011
39985
98116
30398
37884
10010
77274
27913
54829
74148
10522
53149
87390
36354
67544
33881
22481
65544
10428
90241
94477
66840
49154
97557
76118
48653
36911
47221
43919
62052
43744
30665
18714
41080
53348
80452
17215
35388
42890
50928
22783
57915
92669
72189
97676
75659
26284
76332
91329
95854
97590
98462
53922
25810
12671
39173
56912
59567
35475
86590
38664
84965
63338
28726
57116
49636
46694
46854
69181
16469
35177
14420
12130
76810
64744
24690
68897
75676
54467
19543
27467
21981
43791
71111
68258
99563
47961
10877
69921
35270
24966
36587
83158
65197
72429
62365
29093
78138
24548
37130
63458
72227
49140
22021
12145
36177
60613
45681
56588
98883
14947
25666
43053
12961
84143
90534
92131
86028
66973
94829
22020
84558
54111
76884
52371
89219
99180
64579
48920
53032
64765
87354
60476
82413
53033
99313
74948
79268
65846
60795
79876
14425
34872
99848
92710
53479
50311
12862
71192
53219
82236
22770
74251
41513
52526
42170
13347
97379
97468
57257
12593
15754
42278
26652
93693
99583
53921
77149
64730
58612
78924
70121
41039
68932
38424
44911

